(kicad_pcb (version 20171130) (host pcbnew 5.0.0-rc2-dev-unknown-44bf92a~82~ubuntu16.04.1)

  (general
    (thickness 1.6)
    (drawings 42)
    (tracks 143)
    (zones 0)
    (modules 77)
    (nets 72)
  )

  (page A4)
  (layers
    (0 Top signal)
    (31 Bottom signal)
    (32 B.Adhes user)
    (33 F.Adhes user)
    (34 B.Paste user)
    (35 F.Paste user)
    (36 B.SilkS user)
    (37 F.SilkS user)
    (38 B.Mask user)
    (39 F.Mask user)
    (40 Dwgs.User user)
    (41 Cmts.User user)
    (42 Eco1.User user)
    (43 Eco2.User user)
    (44 Edge.Cuts user)
    (45 Margin user)
    (46 B.CrtYd user)
    (47 F.CrtYd user)
    (48 B.Fab user)
    (49 F.Fab user)
  )

  (setup
    (last_trace_width 0.25)
    (trace_clearance 0.1524)
    (zone_clearance 0.508)
    (zone_45_only no)
    (trace_min 0.2)
    (segment_width 0.2)
    (edge_width 0.15)
    (via_size 0.8)
    (via_drill 0.4)
    (via_min_size 0.4)
    (via_min_drill 0.3)
    (uvia_size 0.3)
    (uvia_drill 0.1)
    (uvias_allowed no)
    (uvia_min_size 0.2)
    (uvia_min_drill 0.1)
    (pcb_text_width 0.3)
    (pcb_text_size 1.5 1.5)
    (mod_edge_width 0.15)
    (mod_text_size 1 1)
    (mod_text_width 0.15)
    (pad_size 1.524 1.524)
    (pad_drill 0.762)
    (pad_to_mask_clearance 0.2)
    (aux_axis_origin 0 0)
    (visible_elements FFF9F77F)
    (pcbplotparams
      (layerselection 0x010fc_ffffffff)
      (usegerberextensions false)
      (usegerberattributes false)
      (usegerberadvancedattributes false)
      (creategerberjobfile false)
      (excludeedgelayer true)
      (linewidth 0.100000)
      (plotframeref false)
      (viasonmask false)
      (mode 1)
      (useauxorigin false)
      (hpglpennumber 1)
      (hpglpenspeed 20)
      (hpglpendiameter 15)
      (psnegative false)
      (psa4output false)
      (plotreference true)
      (plotvalue true)
      (plotinvisibletext false)
      (padsonsilk false)
      (subtractmaskfromsilk false)
      (outputformat 1)
      (mirror false)
      (drillshape 1)
      (scaleselection 1)
      (outputdirectory ""))
  )

  (net 0 "")
  (net 1 GND)
  (net 2 VCC)
  (net 3 BAT+)
  (net 4 USBDM)
  (net 5 USBDP)
  (net 6 SEROUT)
  (net 7 SUP_UART)
  (net 8 "Net-(IC1-Pad32)")
  (net 9 "Net-(IC1-Pad31)")
  (net 10 "Net-(IC1-Pad30)")
  (net 11 /component_tester_1/~RESET)
  (net 12 "Net-(IC1-Pad28)")
  (net 13 "Net-(D1-Pad1)")
  (net 14 "Net-(C12-Pad1)")
  (net 15 "Net-(C11-Pad1)")
  (net 16 "Net-(C10-Pad1)")
  (net 17 "Net-(IC1-Pad22)")
  (net 18 "Net-(C3-Pad2)")
  (net 19 "Net-(IC1-Pad19)")
  (net 20 "Net-(IC1-Pad17)")
  (net 21 "Net-(IC1-Pad16)")
  (net 22 "Net-(IC1-Pad15)")
  (net 23 "Net-(IC1-Pad14)")
  (net 24 "Net-(IC1-Pad13)")
  (net 25 "Net-(IC1-Pad12)")
  (net 26 "Net-(IC1-Pad11)")
  (net 27 "Net-(D5-Pad3)")
  (net 28 "Net-(IC1-Pad9)")
  (net 29 "Net-(C2-Pad2)")
  (net 30 "Net-(C1-Pad2)")
  (net 31 "Net-(IC1-Pad2)")
  (net 32 "Net-(IC1-Pad1)")
  (net 33 "Net-(X1-Pad4)")
  (net 34 "Net-(X1-PadM2)")
  (net 35 "Net-(X1-PadM4)")
  (net 36 "Net-(X1-PadM1)")
  (net 37 "Net-(X1-PadM3)")
  (net 38 +)
  (net 39 "Net-(D5-Pad1)")
  (net 40 "Net-(C4-Pad1)")
  (net 41 "Net-(IC2-Pad4)")
  (net 42 "Net-(IC2-Pad3)")
  (net 43 "Net-(IC2-Pad1)")
  (net 44 "Net-(R12-Pad1)")
  (net 45 "Net-(R19-Pad1)")
  (net 46 /component_tester_1/SEG3)
  (net 47 /component_tester_1/SEG1)
  (net 48 /component_tester_1/SEG2)
  (net 49 "Net-(IC4-Pad28)")
  (net 50 "Net-(IC4-Pad27)")
  (net 51 "Net-(IC4-Pad23)")
  (net 52 "Net-(IC4-Pad22)")
  (net 53 "Net-(IC4-Pad19)")
  (net 54 "Net-(IC4-Pad17)")
  (net 55 "Net-(IC4-Pad14)")
  (net 56 "Net-(IC4-Pad13)")
  (net 57 "Net-(IC4-Pad12)")
  (net 58 "Net-(IC4-Pad11)")
  (net 59 "Net-(IC4-Pad10)")
  (net 60 "Net-(IC4-Pad9)")
  (net 61 "Net-(IC4-Pad6)")
  (net 62 "Net-(IC4-Pad5)")
  (net 63 "Net-(IC4-Pad3)")
  (net 64 "Net-(IC4-Pad2)")
  (net 65 "Net-(IC4-Pad1)")
  (net 66 "Net-(IC3-Pad8)")
  (net 67 "Net-(IC3-Pad1)")
  (net 68 "Net-(IC3-Pad7)")
  (net 69 "Net-(LED1-PadA)")
  (net 70 "Net-(DRAWING2-Pad1)")
  (net 71 "Net-(DRAWING1-Pad1)")

  (net_class Default "This is the default net class."
    (clearance 0.1524)
    (trace_width 0.25)
    (via_dia 0.8)
    (via_drill 0.4)
    (uvia_dia 0.3)
    (uvia_drill 0.1)
    (add_net +)
    (add_net /component_tester_1/SEG1)
    (add_net /component_tester_1/SEG2)
    (add_net /component_tester_1/SEG3)
    (add_net /component_tester_1/~RESET)
    (add_net BAT+)
    (add_net GND)
    (add_net "Net-(C1-Pad2)")
    (add_net "Net-(C10-Pad1)")
    (add_net "Net-(C11-Pad1)")
    (add_net "Net-(C12-Pad1)")
    (add_net "Net-(C2-Pad2)")
    (add_net "Net-(C3-Pad2)")
    (add_net "Net-(C4-Pad1)")
    (add_net "Net-(D1-Pad1)")
    (add_net "Net-(D5-Pad1)")
    (add_net "Net-(D5-Pad3)")
    (add_net "Net-(DRAWING1-Pad1)")
    (add_net "Net-(DRAWING2-Pad1)")
    (add_net "Net-(IC1-Pad1)")
    (add_net "Net-(IC1-Pad11)")
    (add_net "Net-(IC1-Pad12)")
    (add_net "Net-(IC1-Pad13)")
    (add_net "Net-(IC1-Pad14)")
    (add_net "Net-(IC1-Pad15)")
    (add_net "Net-(IC1-Pad16)")
    (add_net "Net-(IC1-Pad17)")
    (add_net "Net-(IC1-Pad19)")
    (add_net "Net-(IC1-Pad2)")
    (add_net "Net-(IC1-Pad22)")
    (add_net "Net-(IC1-Pad28)")
    (add_net "Net-(IC1-Pad30)")
    (add_net "Net-(IC1-Pad31)")
    (add_net "Net-(IC1-Pad32)")
    (add_net "Net-(IC1-Pad9)")
    (add_net "Net-(IC2-Pad1)")
    (add_net "Net-(IC2-Pad3)")
    (add_net "Net-(IC2-Pad4)")
    (add_net "Net-(IC3-Pad1)")
    (add_net "Net-(IC3-Pad7)")
    (add_net "Net-(IC3-Pad8)")
    (add_net "Net-(IC4-Pad1)")
    (add_net "Net-(IC4-Pad10)")
    (add_net "Net-(IC4-Pad11)")
    (add_net "Net-(IC4-Pad12)")
    (add_net "Net-(IC4-Pad13)")
    (add_net "Net-(IC4-Pad14)")
    (add_net "Net-(IC4-Pad17)")
    (add_net "Net-(IC4-Pad19)")
    (add_net "Net-(IC4-Pad2)")
    (add_net "Net-(IC4-Pad22)")
    (add_net "Net-(IC4-Pad23)")
    (add_net "Net-(IC4-Pad27)")
    (add_net "Net-(IC4-Pad28)")
    (add_net "Net-(IC4-Pad3)")
    (add_net "Net-(IC4-Pad5)")
    (add_net "Net-(IC4-Pad6)")
    (add_net "Net-(IC4-Pad9)")
    (add_net "Net-(LED1-PadA)")
    (add_net "Net-(R12-Pad1)")
    (add_net "Net-(R19-Pad1)")
    (add_net "Net-(X1-Pad4)")
    (add_net "Net-(X1-PadM1)")
    (add_net "Net-(X1-PadM2)")
    (add_net "Net-(X1-PadM3)")
    (add_net "Net-(X1-PadM4)")
    (add_net SEROUT)
    (add_net SUP_UART)
    (add_net USBDM)
    (add_net USBDP)
    (add_net VCC)
  )

  (module KiCad/Capacitors_SMD.pretty:C_0201 (layer Bottom) (tedit 58AA83DF) (tstamp 5B3B5200)
    (at 163.552879 56.4036 270)
    (descr "Capacitor SMD 0201, reflow soldering, AVX (see smccp.pdf)")
    (tags "capacitor 0201")
    (path /5B1C6B30/5519AC0030851FE9)
    (attr smd)
    (fp_text reference C12 (at 0 1.27 270) (layer B.SilkS)
      (effects (font (size 1 1) (thickness 0.15)) (justify mirror))
    )
    (fp_text value "V 3p" (at 0 -1.27 270) (layer B.Fab)
      (effects (font (size 1 1) (thickness 0.15)) (justify mirror))
    )
    (fp_line (start 0.58 -0.32) (end -0.58 -0.32) (layer B.CrtYd) (width 0.05))
    (fp_line (start 0.58 -0.32) (end 0.58 0.33) (layer B.CrtYd) (width 0.05))
    (fp_line (start -0.58 0.33) (end -0.58 -0.32) (layer B.CrtYd) (width 0.05))
    (fp_line (start -0.58 0.33) (end 0.58 0.33) (layer B.CrtYd) (width 0.05))
    (fp_line (start -0.25 0.4) (end 0.25 0.4) (layer B.SilkS) (width 0.12))
    (fp_line (start 0.25 -0.4) (end -0.25 -0.4) (layer B.SilkS) (width 0.12))
    (fp_line (start -0.3 0.15) (end 0.3 0.15) (layer B.Fab) (width 0.1))
    (fp_line (start 0.3 0.15) (end 0.3 -0.15) (layer B.Fab) (width 0.1))
    (fp_line (start 0.3 -0.15) (end -0.3 -0.15) (layer B.Fab) (width 0.1))
    (fp_line (start -0.3 -0.15) (end -0.3 0.15) (layer B.Fab) (width 0.1))
    (fp_text user %R (at 0 1.27 270) (layer B.Fab)
      (effects (font (size 1 1) (thickness 0.15)) (justify mirror))
    )
    (pad 2 smd rect (at 0.28 0 270) (size 0.3 0.35) (layers Bottom B.Paste B.Mask)
      (net 1 GND))
    (pad 1 smd rect (at -0.28 0 270) (size 0.3 0.35) (layers Bottom B.Paste B.Mask)
      (net 14 "Net-(C12-Pad1)"))
    (model Capacitors_SMD.3dshapes/C_0201.wrl
      (at (xyz 0 0 0))
      (scale (xyz 1 1 1))
      (rotate (xyz 0 0 0))
    )
  )

  (module KiCad/Capacitors_SMD.pretty:C_0201 (layer Bottom) (tedit 58AA83DF) (tstamp 5B3B51F0)
    (at 163.552879 52.5036 90)
    (descr "Capacitor SMD 0201, reflow soldering, AVX (see smccp.pdf)")
    (tags "capacitor 0201")
    (path /5B1C6B30/32A747533BC6B6B4)
    (attr smd)
    (fp_text reference C11 (at 0 1.27 90) (layer B.SilkS)
      (effects (font (size 1 1) (thickness 0.15)) (justify mirror))
    )
    (fp_text value "V 3p" (at 0 -1.27 90) (layer B.Fab)
      (effects (font (size 1 1) (thickness 0.15)) (justify mirror))
    )
    (fp_text user %R (at 0 1.27 90) (layer B.Fab)
      (effects (font (size 1 1) (thickness 0.15)) (justify mirror))
    )
    (fp_line (start -0.3 -0.15) (end -0.3 0.15) (layer B.Fab) (width 0.1))
    (fp_line (start 0.3 -0.15) (end -0.3 -0.15) (layer B.Fab) (width 0.1))
    (fp_line (start 0.3 0.15) (end 0.3 -0.15) (layer B.Fab) (width 0.1))
    (fp_line (start -0.3 0.15) (end 0.3 0.15) (layer B.Fab) (width 0.1))
    (fp_line (start 0.25 -0.4) (end -0.25 -0.4) (layer B.SilkS) (width 0.12))
    (fp_line (start -0.25 0.4) (end 0.25 0.4) (layer B.SilkS) (width 0.12))
    (fp_line (start -0.58 0.33) (end 0.58 0.33) (layer B.CrtYd) (width 0.05))
    (fp_line (start -0.58 0.33) (end -0.58 -0.32) (layer B.CrtYd) (width 0.05))
    (fp_line (start 0.58 -0.32) (end 0.58 0.33) (layer B.CrtYd) (width 0.05))
    (fp_line (start 0.58 -0.32) (end -0.58 -0.32) (layer B.CrtYd) (width 0.05))
    (pad 1 smd rect (at -0.28 0 90) (size 0.3 0.35) (layers Bottom B.Paste B.Mask)
      (net 15 "Net-(C11-Pad1)"))
    (pad 2 smd rect (at 0.28 0 90) (size 0.3 0.35) (layers Bottom B.Paste B.Mask)
      (net 1 GND))
    (model Capacitors_SMD.3dshapes/C_0201.wrl
      (at (xyz 0 0 0))
      (scale (xyz 1 1 1))
      (rotate (xyz 0 0 0))
    )
  )

  (module KiCad/Capacitors_SMD.pretty:C_0201 (layer Bottom) (tedit 58AA83DF) (tstamp 5B3B51E0)
    (at 164.052879 48.8036 90)
    (descr "Capacitor SMD 0201, reflow soldering, AVX (see smccp.pdf)")
    (tags "capacitor 0201")
    (path /5B1C6B30/2BC8C3E3DD386927)
    (attr smd)
    (fp_text reference C10 (at 0 1.27 90) (layer B.SilkS)
      (effects (font (size 1 1) (thickness 0.15)) (justify mirror))
    )
    (fp_text value "V 3p" (at 0 -1.27 90) (layer B.Fab)
      (effects (font (size 1 1) (thickness 0.15)) (justify mirror))
    )
    (fp_line (start 0.58 -0.32) (end -0.58 -0.32) (layer B.CrtYd) (width 0.05))
    (fp_line (start 0.58 -0.32) (end 0.58 0.33) (layer B.CrtYd) (width 0.05))
    (fp_line (start -0.58 0.33) (end -0.58 -0.32) (layer B.CrtYd) (width 0.05))
    (fp_line (start -0.58 0.33) (end 0.58 0.33) (layer B.CrtYd) (width 0.05))
    (fp_line (start -0.25 0.4) (end 0.25 0.4) (layer B.SilkS) (width 0.12))
    (fp_line (start 0.25 -0.4) (end -0.25 -0.4) (layer B.SilkS) (width 0.12))
    (fp_line (start -0.3 0.15) (end 0.3 0.15) (layer B.Fab) (width 0.1))
    (fp_line (start 0.3 0.15) (end 0.3 -0.15) (layer B.Fab) (width 0.1))
    (fp_line (start 0.3 -0.15) (end -0.3 -0.15) (layer B.Fab) (width 0.1))
    (fp_line (start -0.3 -0.15) (end -0.3 0.15) (layer B.Fab) (width 0.1))
    (fp_text user %R (at 0 1.27 90) (layer B.Fab)
      (effects (font (size 1 1) (thickness 0.15)) (justify mirror))
    )
    (pad 2 smd rect (at 0.28 0 90) (size 0.3 0.35) (layers Bottom B.Paste B.Mask)
      (net 1 GND))
    (pad 1 smd rect (at -0.28 0 90) (size 0.3 0.35) (layers Bottom B.Paste B.Mask)
      (net 16 "Net-(C10-Pad1)"))
    (model Capacitors_SMD.3dshapes/C_0201.wrl
      (at (xyz 0 0 0))
      (scale (xyz 1 1 1))
      (rotate (xyz 0 0 0))
    )
  )

  (module KiCad/Capacitors_SMD.pretty:C_0201 (layer Bottom) (tedit 58AA83DF) (tstamp 5B3B51D0)
    (at 129.352879 55.2036)
    (descr "Capacitor SMD 0201, reflow soldering, AVX (see smccp.pdf)")
    (tags "capacitor 0201")
    (path /5B1C6B30/65C0CEB9454BEC28)
    (attr smd)
    (fp_text reference C9 (at 0 1.27) (layer B.SilkS)
      (effects (font (size 1 1) (thickness 0.15)) (justify mirror))
    )
    (fp_text value "V 3p" (at 0 -1.27) (layer B.Fab)
      (effects (font (size 1 1) (thickness 0.15)) (justify mirror))
    )
    (fp_text user %R (at 0 1.27) (layer B.Fab)
      (effects (font (size 1 1) (thickness 0.15)) (justify mirror))
    )
    (fp_line (start -0.3 -0.15) (end -0.3 0.15) (layer B.Fab) (width 0.1))
    (fp_line (start 0.3 -0.15) (end -0.3 -0.15) (layer B.Fab) (width 0.1))
    (fp_line (start 0.3 0.15) (end 0.3 -0.15) (layer B.Fab) (width 0.1))
    (fp_line (start -0.3 0.15) (end 0.3 0.15) (layer B.Fab) (width 0.1))
    (fp_line (start 0.25 -0.4) (end -0.25 -0.4) (layer B.SilkS) (width 0.12))
    (fp_line (start -0.25 0.4) (end 0.25 0.4) (layer B.SilkS) (width 0.12))
    (fp_line (start -0.58 0.33) (end 0.58 0.33) (layer B.CrtYd) (width 0.05))
    (fp_line (start -0.58 0.33) (end -0.58 -0.32) (layer B.CrtYd) (width 0.05))
    (fp_line (start 0.58 -0.32) (end 0.58 0.33) (layer B.CrtYd) (width 0.05))
    (fp_line (start 0.58 -0.32) (end -0.58 -0.32) (layer B.CrtYd) (width 0.05))
    (pad 1 smd rect (at -0.28 0) (size 0.3 0.35) (layers Bottom B.Paste B.Mask)
      (net 14 "Net-(C12-Pad1)"))
    (pad 2 smd rect (at 0.28 0) (size 0.3 0.35) (layers Bottom B.Paste B.Mask)
      (net 1 GND))
    (model Capacitors_SMD.3dshapes/C_0201.wrl
      (at (xyz 0 0 0))
      (scale (xyz 1 1 1))
      (rotate (xyz 0 0 0))
    )
  )

  (module KiCad/Capacitors_SMD.pretty:C_0201 (layer Bottom) (tedit 58AA83DF) (tstamp 5B3B51C0)
    (at 126.252879 49.0036)
    (descr "Capacitor SMD 0201, reflow soldering, AVX (see smccp.pdf)")
    (tags "capacitor 0201")
    (path /5B1C6B30/11A2FC9100BCBFFC)
    (attr smd)
    (fp_text reference C8 (at 0 1.27) (layer B.SilkS)
      (effects (font (size 1 1) (thickness 0.15)) (justify mirror))
    )
    (fp_text value "V 3p" (at 0 -1.27) (layer B.Fab)
      (effects (font (size 1 1) (thickness 0.15)) (justify mirror))
    )
    (fp_line (start 0.58 -0.32) (end -0.58 -0.32) (layer B.CrtYd) (width 0.05))
    (fp_line (start 0.58 -0.32) (end 0.58 0.33) (layer B.CrtYd) (width 0.05))
    (fp_line (start -0.58 0.33) (end -0.58 -0.32) (layer B.CrtYd) (width 0.05))
    (fp_line (start -0.58 0.33) (end 0.58 0.33) (layer B.CrtYd) (width 0.05))
    (fp_line (start -0.25 0.4) (end 0.25 0.4) (layer B.SilkS) (width 0.12))
    (fp_line (start 0.25 -0.4) (end -0.25 -0.4) (layer B.SilkS) (width 0.12))
    (fp_line (start -0.3 0.15) (end 0.3 0.15) (layer B.Fab) (width 0.1))
    (fp_line (start 0.3 0.15) (end 0.3 -0.15) (layer B.Fab) (width 0.1))
    (fp_line (start 0.3 -0.15) (end -0.3 -0.15) (layer B.Fab) (width 0.1))
    (fp_line (start -0.3 -0.15) (end -0.3 0.15) (layer B.Fab) (width 0.1))
    (fp_text user %R (at 0 1.27) (layer B.Fab)
      (effects (font (size 1 1) (thickness 0.15)) (justify mirror))
    )
    (pad 2 smd rect (at 0.28 0) (size 0.3 0.35) (layers Bottom B.Paste B.Mask)
      (net 1 GND))
    (pad 1 smd rect (at -0.28 0) (size 0.3 0.35) (layers Bottom B.Paste B.Mask)
      (net 15 "Net-(C11-Pad1)"))
    (model Capacitors_SMD.3dshapes/C_0201.wrl
      (at (xyz 0 0 0))
      (scale (xyz 1 1 1))
      (rotate (xyz 0 0 0))
    )
  )

  (module KiCad/Capacitors_SMD.pretty:C_0201 (layer Bottom) (tedit 58AA83DF) (tstamp 5B3B51B0)
    (at 130.452879 49.0036 180)
    (descr "Capacitor SMD 0201, reflow soldering, AVX (see smccp.pdf)")
    (tags "capacitor 0201")
    (path /5B1C6B30/A5B53786DB4051D7)
    (attr smd)
    (fp_text reference C7 (at 0 1.27 180) (layer B.SilkS)
      (effects (font (size 1 1) (thickness 0.15)) (justify mirror))
    )
    (fp_text value "V 3p" (at 0 -1.27 180) (layer B.Fab)
      (effects (font (size 1 1) (thickness 0.15)) (justify mirror))
    )
    (fp_text user %R (at 0 1.27 180) (layer B.Fab)
      (effects (font (size 1 1) (thickness 0.15)) (justify mirror))
    )
    (fp_line (start -0.3 -0.15) (end -0.3 0.15) (layer B.Fab) (width 0.1))
    (fp_line (start 0.3 -0.15) (end -0.3 -0.15) (layer B.Fab) (width 0.1))
    (fp_line (start 0.3 0.15) (end 0.3 -0.15) (layer B.Fab) (width 0.1))
    (fp_line (start -0.3 0.15) (end 0.3 0.15) (layer B.Fab) (width 0.1))
    (fp_line (start 0.25 -0.4) (end -0.25 -0.4) (layer B.SilkS) (width 0.12))
    (fp_line (start -0.25 0.4) (end 0.25 0.4) (layer B.SilkS) (width 0.12))
    (fp_line (start -0.58 0.33) (end 0.58 0.33) (layer B.CrtYd) (width 0.05))
    (fp_line (start -0.58 0.33) (end -0.58 -0.32) (layer B.CrtYd) (width 0.05))
    (fp_line (start 0.58 -0.32) (end 0.58 0.33) (layer B.CrtYd) (width 0.05))
    (fp_line (start 0.58 -0.32) (end -0.58 -0.32) (layer B.CrtYd) (width 0.05))
    (pad 1 smd rect (at -0.28 0 180) (size 0.3 0.35) (layers Bottom B.Paste B.Mask)
      (net 16 "Net-(C10-Pad1)"))
    (pad 2 smd rect (at 0.28 0 180) (size 0.3 0.35) (layers Bottom B.Paste B.Mask)
      (net 1 GND))
    (model Capacitors_SMD.3dshapes/C_0201.wrl
      (at (xyz 0 0 0))
      (scale (xyz 1 1 1))
      (rotate (xyz 0 0 0))
    )
  )

  (module KiCad/Capacitors_SMD.pretty:C_0201 (layer Top) (tedit 58AA83DF) (tstamp 5B3B51A0)
    (at 131.452879 29.1036 180)
    (descr "Capacitor SMD 0201, reflow soldering, AVX (see smccp.pdf)")
    (tags "capacitor 0201")
    (path /5B1C6B30/9F272910FE64C8E2)
    (attr smd)
    (fp_text reference C6 (at 0 -1.27 180) (layer F.SilkS)
      (effects (font (size 1 1) (thickness 0.15)))
    )
    (fp_text value 100n (at 0 1.27 180) (layer F.Fab)
      (effects (font (size 1 1) (thickness 0.15)))
    )
    (fp_line (start 0.58 0.32) (end -0.58 0.32) (layer F.CrtYd) (width 0.05))
    (fp_line (start 0.58 0.32) (end 0.58 -0.33) (layer F.CrtYd) (width 0.05))
    (fp_line (start -0.58 -0.33) (end -0.58 0.32) (layer F.CrtYd) (width 0.05))
    (fp_line (start -0.58 -0.33) (end 0.58 -0.33) (layer F.CrtYd) (width 0.05))
    (fp_line (start -0.25 -0.4) (end 0.25 -0.4) (layer F.SilkS) (width 0.12))
    (fp_line (start 0.25 0.4) (end -0.25 0.4) (layer F.SilkS) (width 0.12))
    (fp_line (start -0.3 -0.15) (end 0.3 -0.15) (layer F.Fab) (width 0.1))
    (fp_line (start 0.3 -0.15) (end 0.3 0.15) (layer F.Fab) (width 0.1))
    (fp_line (start 0.3 0.15) (end -0.3 0.15) (layer F.Fab) (width 0.1))
    (fp_line (start -0.3 0.15) (end -0.3 -0.15) (layer F.Fab) (width 0.1))
    (fp_text user %R (at 0 -1.27 180) (layer F.Fab)
      (effects (font (size 1 1) (thickness 0.15)))
    )
    (pad 2 smd rect (at 0.28 0 180) (size 0.3 0.35) (layers Top F.Paste F.Mask)
      (net 3 BAT+))
    (pad 1 smd rect (at -0.28 0 180) (size 0.3 0.35) (layers Top F.Paste F.Mask)
      (net 1 GND))
    (model Capacitors_SMD.3dshapes/C_0201.wrl
      (at (xyz 0 0 0))
      (scale (xyz 1 1 1))
      (rotate (xyz 0 0 0))
    )
  )

  (module KiCad/Capacitors_SMD.pretty:C_0201 (layer Top) (tedit 58AA83DF) (tstamp 5B3B5190)
    (at 146.952879 29.5036 270)
    (descr "Capacitor SMD 0201, reflow soldering, AVX (see smccp.pdf)")
    (tags "capacitor 0201")
    (path /5B1C6B30/A8CF5A1BE6016F5F)
    (attr smd)
    (fp_text reference C3 (at 0 -1.27 270) (layer F.SilkS)
      (effects (font (size 1 1) (thickness 0.15)))
    )
    (fp_text value 1n (at 0 1.27 270) (layer F.Fab)
      (effects (font (size 1 1) (thickness 0.15)))
    )
    (fp_text user %R (at 0 -1.27 270) (layer F.Fab)
      (effects (font (size 1 1) (thickness 0.15)))
    )
    (fp_line (start -0.3 0.15) (end -0.3 -0.15) (layer F.Fab) (width 0.1))
    (fp_line (start 0.3 0.15) (end -0.3 0.15) (layer F.Fab) (width 0.1))
    (fp_line (start 0.3 -0.15) (end 0.3 0.15) (layer F.Fab) (width 0.1))
    (fp_line (start -0.3 -0.15) (end 0.3 -0.15) (layer F.Fab) (width 0.1))
    (fp_line (start 0.25 0.4) (end -0.25 0.4) (layer F.SilkS) (width 0.12))
    (fp_line (start -0.25 -0.4) (end 0.25 -0.4) (layer F.SilkS) (width 0.12))
    (fp_line (start -0.58 -0.33) (end 0.58 -0.33) (layer F.CrtYd) (width 0.05))
    (fp_line (start -0.58 -0.33) (end -0.58 0.32) (layer F.CrtYd) (width 0.05))
    (fp_line (start 0.58 0.32) (end 0.58 -0.33) (layer F.CrtYd) (width 0.05))
    (fp_line (start 0.58 0.32) (end -0.58 0.32) (layer F.CrtYd) (width 0.05))
    (pad 1 smd rect (at -0.28 0 270) (size 0.3 0.35) (layers Top F.Paste F.Mask)
      (net 1 GND))
    (pad 2 smd rect (at 0.28 0 270) (size 0.3 0.35) (layers Top F.Paste F.Mask)
      (net 18 "Net-(C3-Pad2)"))
    (model Capacitors_SMD.3dshapes/C_0201.wrl
      (at (xyz 0 0 0))
      (scale (xyz 1 1 1))
      (rotate (xyz 0 0 0))
    )
  )

  (module KiCad/Capacitors_SMD.pretty:C_0201 (layer Top) (tedit 58AA83DF) (tstamp 5B3B5180)
    (at 132.752879 33.0036 90)
    (descr "Capacitor SMD 0201, reflow soldering, AVX (see smccp.pdf)")
    (tags "capacitor 0201")
    (path /5B1C6B30/425295B9BC7DD4B5)
    (attr smd)
    (fp_text reference C2 (at 0 -1.27 90) (layer F.SilkS)
      (effects (font (size 1 1) (thickness 0.15)))
    )
    (fp_text value 22p (at 0 1.27 90) (layer F.Fab)
      (effects (font (size 1 1) (thickness 0.15)))
    )
    (fp_line (start 0.58 0.32) (end -0.58 0.32) (layer F.CrtYd) (width 0.05))
    (fp_line (start 0.58 0.32) (end 0.58 -0.33) (layer F.CrtYd) (width 0.05))
    (fp_line (start -0.58 -0.33) (end -0.58 0.32) (layer F.CrtYd) (width 0.05))
    (fp_line (start -0.58 -0.33) (end 0.58 -0.33) (layer F.CrtYd) (width 0.05))
    (fp_line (start -0.25 -0.4) (end 0.25 -0.4) (layer F.SilkS) (width 0.12))
    (fp_line (start 0.25 0.4) (end -0.25 0.4) (layer F.SilkS) (width 0.12))
    (fp_line (start -0.3 -0.15) (end 0.3 -0.15) (layer F.Fab) (width 0.1))
    (fp_line (start 0.3 -0.15) (end 0.3 0.15) (layer F.Fab) (width 0.1))
    (fp_line (start 0.3 0.15) (end -0.3 0.15) (layer F.Fab) (width 0.1))
    (fp_line (start -0.3 0.15) (end -0.3 -0.15) (layer F.Fab) (width 0.1))
    (fp_text user %R (at 0 -1.27 90) (layer F.Fab)
      (effects (font (size 1 1) (thickness 0.15)))
    )
    (pad 2 smd rect (at 0.28 0 90) (size 0.3 0.35) (layers Top F.Paste F.Mask)
      (net 29 "Net-(C2-Pad2)"))
    (pad 1 smd rect (at -0.28 0 90) (size 0.3 0.35) (layers Top F.Paste F.Mask)
      (net 1 GND))
    (model Capacitors_SMD.3dshapes/C_0201.wrl
      (at (xyz 0 0 0))
      (scale (xyz 1 1 1))
      (rotate (xyz 0 0 0))
    )
  )

  (module KiCad/Capacitors_SMD.pretty:C_0201 (layer Top) (tedit 58AA83DF) (tstamp 5B3B5170)
    (at 129.352879 33.0036 90)
    (descr "Capacitor SMD 0201, reflow soldering, AVX (see smccp.pdf)")
    (tags "capacitor 0201")
    (path /5B1C6B30/C56576DBF4F8EA96)
    (attr smd)
    (fp_text reference C1 (at 0 -1.27 90) (layer F.SilkS)
      (effects (font (size 1 1) (thickness 0.15)))
    )
    (fp_text value 22p (at 0 1.27 90) (layer F.Fab)
      (effects (font (size 1 1) (thickness 0.15)))
    )
    (fp_text user %R (at 0 -1.27 90) (layer F.Fab)
      (effects (font (size 1 1) (thickness 0.15)))
    )
    (fp_line (start -0.3 0.15) (end -0.3 -0.15) (layer F.Fab) (width 0.1))
    (fp_line (start 0.3 0.15) (end -0.3 0.15) (layer F.Fab) (width 0.1))
    (fp_line (start 0.3 -0.15) (end 0.3 0.15) (layer F.Fab) (width 0.1))
    (fp_line (start -0.3 -0.15) (end 0.3 -0.15) (layer F.Fab) (width 0.1))
    (fp_line (start 0.25 0.4) (end -0.25 0.4) (layer F.SilkS) (width 0.12))
    (fp_line (start -0.25 -0.4) (end 0.25 -0.4) (layer F.SilkS) (width 0.12))
    (fp_line (start -0.58 -0.33) (end 0.58 -0.33) (layer F.CrtYd) (width 0.05))
    (fp_line (start -0.58 -0.33) (end -0.58 0.32) (layer F.CrtYd) (width 0.05))
    (fp_line (start 0.58 0.32) (end 0.58 -0.33) (layer F.CrtYd) (width 0.05))
    (fp_line (start 0.58 0.32) (end -0.58 0.32) (layer F.CrtYd) (width 0.05))
    (pad 1 smd rect (at -0.28 0 90) (size 0.3 0.35) (layers Top F.Paste F.Mask)
      (net 1 GND))
    (pad 2 smd rect (at 0.28 0 90) (size 0.3 0.35) (layers Top F.Paste F.Mask)
      (net 30 "Net-(C1-Pad2)"))
    (model Capacitors_SMD.3dshapes/C_0201.wrl
      (at (xyz 0 0 0))
      (scale (xyz 1 1 1))
      (rotate (xyz 0 0 0))
    )
  )

  (module KiCad/Capacitors_SMD.pretty:C_0805 (layer Top) (tedit 58AA8463) (tstamp 5B3B5160)
    (at 140.752879 56.8036 90)
    (descr "Capacitor SMD 0805, reflow soldering, AVX (see smccp.pdf)")
    (tags "capacitor 0805")
    (path /5B1C713A/2958F4AE9AFB8C1C)
    (attr smd)
    (fp_text reference C13 (at 0 -1.5 90) (layer F.SilkS)
      (effects (font (size 1 1) (thickness 0.15)))
    )
    (fp_text value 100n (at 0 1.75 90) (layer F.Fab)
      (effects (font (size 1 1) (thickness 0.15)))
    )
    (fp_text user %R (at 0 -1.5 90) (layer F.Fab)
      (effects (font (size 1 1) (thickness 0.15)))
    )
    (fp_line (start -1 0.62) (end -1 -0.62) (layer F.Fab) (width 0.1))
    (fp_line (start 1 0.62) (end -1 0.62) (layer F.Fab) (width 0.1))
    (fp_line (start 1 -0.62) (end 1 0.62) (layer F.Fab) (width 0.1))
    (fp_line (start -1 -0.62) (end 1 -0.62) (layer F.Fab) (width 0.1))
    (fp_line (start 0.5 -0.85) (end -0.5 -0.85) (layer F.SilkS) (width 0.12))
    (fp_line (start -0.5 0.85) (end 0.5 0.85) (layer F.SilkS) (width 0.12))
    (fp_line (start -1.75 -0.88) (end 1.75 -0.88) (layer F.CrtYd) (width 0.05))
    (fp_line (start -1.75 -0.88) (end -1.75 0.87) (layer F.CrtYd) (width 0.05))
    (fp_line (start 1.75 0.87) (end 1.75 -0.88) (layer F.CrtYd) (width 0.05))
    (fp_line (start 1.75 0.87) (end -1.75 0.87) (layer F.CrtYd) (width 0.05))
    (pad 1 smd rect (at -1 0 90) (size 1 1.25) (layers Top F.Paste F.Mask)
      (net 1 GND))
    (pad 2 smd rect (at 1 0 90) (size 1 1.25) (layers Top F.Paste F.Mask)
      (net 7 SUP_UART))
    (model Capacitors_SMD.3dshapes/C_0805.wrl
      (at (xyz 0 0 0))
      (scale (xyz 1 1 1))
      (rotate (xyz 0 0 0))
    )
  )

  (module KiCad/Capacitors_SMD.pretty:C_0805 (layer Top) (tedit 58AA8463) (tstamp 5B3B5150)
    (at 144.652879 53.8036 90)
    (descr "Capacitor SMD 0805, reflow soldering, AVX (see smccp.pdf)")
    (tags "capacitor 0805")
    (path /5B1C6B30/B6F96C9048BC56A0)
    (attr smd)
    (fp_text reference C5 (at 0 -1.5 90) (layer F.SilkS)
      (effects (font (size 1 1) (thickness 0.15)))
    )
    (fp_text value 47u (at 0 1.75 90) (layer F.Fab)
      (effects (font (size 1 1) (thickness 0.15)))
    )
    (fp_line (start 1.75 0.87) (end -1.75 0.87) (layer F.CrtYd) (width 0.05))
    (fp_line (start 1.75 0.87) (end 1.75 -0.88) (layer F.CrtYd) (width 0.05))
    (fp_line (start -1.75 -0.88) (end -1.75 0.87) (layer F.CrtYd) (width 0.05))
    (fp_line (start -1.75 -0.88) (end 1.75 -0.88) (layer F.CrtYd) (width 0.05))
    (fp_line (start -0.5 0.85) (end 0.5 0.85) (layer F.SilkS) (width 0.12))
    (fp_line (start 0.5 -0.85) (end -0.5 -0.85) (layer F.SilkS) (width 0.12))
    (fp_line (start -1 -0.62) (end 1 -0.62) (layer F.Fab) (width 0.1))
    (fp_line (start 1 -0.62) (end 1 0.62) (layer F.Fab) (width 0.1))
    (fp_line (start 1 0.62) (end -1 0.62) (layer F.Fab) (width 0.1))
    (fp_line (start -1 0.62) (end -1 -0.62) (layer F.Fab) (width 0.1))
    (fp_text user %R (at 0 -1.5 90) (layer F.Fab)
      (effects (font (size 1 1) (thickness 0.15)))
    )
    (pad 2 smd rect (at 1 0 90) (size 1 1.25) (layers Top F.Paste F.Mask)
      (net 1 GND))
    (pad 1 smd rect (at -1 0 90) (size 1 1.25) (layers Top F.Paste F.Mask)
      (net 3 BAT+))
    (model Capacitors_SMD.3dshapes/C_0805.wrl
      (at (xyz 0 0 0))
      (scale (xyz 1 1 1))
      (rotate (xyz 0 0 0))
    )
  )

  (module KiCad/Capacitors_SMD.pretty:C_0805 (layer Top) (tedit 58AA8463) (tstamp 5B3B5140)
    (at 151.652879 56.5036 90)
    (descr "Capacitor SMD 0805, reflow soldering, AVX (see smccp.pdf)")
    (tags "capacitor 0805")
    (path /5B1C6B30/7513E83E99E27C05)
    (attr smd)
    (fp_text reference C4 (at 0 -1.5 90) (layer F.SilkS)
      (effects (font (size 1 1) (thickness 0.15)))
    )
    (fp_text value 47u (at 0 1.75 90) (layer F.Fab)
      (effects (font (size 1 1) (thickness 0.15)))
    )
    (fp_text user %R (at 0 -1.5 90) (layer F.Fab)
      (effects (font (size 1 1) (thickness 0.15)))
    )
    (fp_line (start -1 0.62) (end -1 -0.62) (layer F.Fab) (width 0.1))
    (fp_line (start 1 0.62) (end -1 0.62) (layer F.Fab) (width 0.1))
    (fp_line (start 1 -0.62) (end 1 0.62) (layer F.Fab) (width 0.1))
    (fp_line (start -1 -0.62) (end 1 -0.62) (layer F.Fab) (width 0.1))
    (fp_line (start 0.5 -0.85) (end -0.5 -0.85) (layer F.SilkS) (width 0.12))
    (fp_line (start -0.5 0.85) (end 0.5 0.85) (layer F.SilkS) (width 0.12))
    (fp_line (start -1.75 -0.88) (end 1.75 -0.88) (layer F.CrtYd) (width 0.05))
    (fp_line (start -1.75 -0.88) (end -1.75 0.87) (layer F.CrtYd) (width 0.05))
    (fp_line (start 1.75 0.87) (end 1.75 -0.88) (layer F.CrtYd) (width 0.05))
    (fp_line (start 1.75 0.87) (end -1.75 0.87) (layer F.CrtYd) (width 0.05))
    (pad 1 smd rect (at -1 0 90) (size 1 1.25) (layers Top F.Paste F.Mask)
      (net 40 "Net-(C4-Pad1)"))
    (pad 2 smd rect (at 1 0 90) (size 1 1.25) (layers Top F.Paste F.Mask)
      (net 1 GND))
    (model Capacitors_SMD.3dshapes/C_0805.wrl
      (at (xyz 0 0 0))
      (scale (xyz 1 1 1))
      (rotate (xyz 0 0 0))
    )
  )

  (module KiCad/Resistors_SMD.pretty:R_0201 (layer Top) (tedit 58E0A804) (tstamp 5B3B5130)
    (at 146.652879 40.8036)
    (descr "Resistor SMD 0201, reflow soldering, Vishay (see crcw0201e3.pdf)")
    (tags "resistor 0201")
    (path /5B1C6B30/DF602B93DD8A218A)
    (attr smd)
    (fp_text reference R5 (at 0 -1.25) (layer F.SilkS)
      (effects (font (size 1 1) (thickness 0.15)))
    )
    (fp_text value 680 (at 0 1.3) (layer F.Fab)
      (effects (font (size 1 1) (thickness 0.15)))
    )
    (fp_line (start 0.55 0.36) (end -0.55 0.36) (layer F.CrtYd) (width 0.05))
    (fp_line (start 0.55 0.36) (end 0.55 -0.37) (layer F.CrtYd) (width 0.05))
    (fp_line (start -0.55 -0.37) (end -0.55 0.36) (layer F.CrtYd) (width 0.05))
    (fp_line (start -0.55 -0.37) (end 0.55 -0.37) (layer F.CrtYd) (width 0.05))
    (fp_line (start -0.12 0.44) (end 0.12 0.44) (layer F.SilkS) (width 0.12))
    (fp_line (start 0.12 -0.44) (end -0.12 -0.44) (layer F.SilkS) (width 0.12))
    (fp_line (start -0.3 -0.15) (end 0.3 -0.15) (layer F.Fab) (width 0.1))
    (fp_line (start 0.3 -0.15) (end 0.3 0.15) (layer F.Fab) (width 0.1))
    (fp_line (start 0.3 0.15) (end -0.3 0.15) (layer F.Fab) (width 0.1))
    (fp_line (start -0.3 0.15) (end -0.3 -0.15) (layer F.Fab) (width 0.1))
    (fp_text user %R (at 0 -1.25) (layer F.Fab)
      (effects (font (size 1 1) (thickness 0.15)))
    )
    (pad 2 smd rect (at 0.26 0) (size 0.28 0.43) (layers Top F.Paste F.Mask)
      (net 14 "Net-(C12-Pad1)"))
    (pad 1 smd rect (at -0.26 0) (size 0.28 0.43) (layers Top F.Paste F.Mask)
      (net 21 "Net-(IC1-Pad16)"))
    (model ${KISYS3DMOD}/Resistors_SMD.3dshapes/R_0201.wrl
      (at (xyz 0 0 0))
      (scale (xyz 1 1 1))
      (rotate (xyz 0 0 0))
    )
  )

  (module KiCad/Resistors_SMD.pretty:R_0201 (layer Top) (tedit 58E0A804) (tstamp 5B3B5120)
    (at 146.952879 58.7036)
    (descr "Resistor SMD 0201, reflow soldering, Vishay (see crcw0201e3.pdf)")
    (tags "resistor 0201")
    (path /5B1C6B30/974F66270C16D534)
    (attr smd)
    (fp_text reference R8 (at 0 -1.25) (layer F.SilkS)
      (effects (font (size 1 1) (thickness 0.15)))
    )
    (fp_text value 750k (at 0 1.3) (layer F.Fab)
      (effects (font (size 1 1) (thickness 0.15)))
    )
    (fp_text user %R (at 0 -1.25) (layer F.Fab)
      (effects (font (size 1 1) (thickness 0.15)))
    )
    (fp_line (start -0.3 0.15) (end -0.3 -0.15) (layer F.Fab) (width 0.1))
    (fp_line (start 0.3 0.15) (end -0.3 0.15) (layer F.Fab) (width 0.1))
    (fp_line (start 0.3 -0.15) (end 0.3 0.15) (layer F.Fab) (width 0.1))
    (fp_line (start -0.3 -0.15) (end 0.3 -0.15) (layer F.Fab) (width 0.1))
    (fp_line (start 0.12 -0.44) (end -0.12 -0.44) (layer F.SilkS) (width 0.12))
    (fp_line (start -0.12 0.44) (end 0.12 0.44) (layer F.SilkS) (width 0.12))
    (fp_line (start -0.55 -0.37) (end 0.55 -0.37) (layer F.CrtYd) (width 0.05))
    (fp_line (start -0.55 -0.37) (end -0.55 0.36) (layer F.CrtYd) (width 0.05))
    (fp_line (start 0.55 0.36) (end 0.55 -0.37) (layer F.CrtYd) (width 0.05))
    (fp_line (start 0.55 0.36) (end -0.55 0.36) (layer F.CrtYd) (width 0.05))
    (pad 1 smd rect (at -0.26 0) (size 0.28 0.43) (layers Top F.Paste F.Mask)
      (net 41 "Net-(IC2-Pad4)"))
    (pad 2 smd rect (at 0.26 0) (size 0.28 0.43) (layers Top F.Paste F.Mask)
      (net 3 BAT+))
    (model ${KISYS3DMOD}/Resistors_SMD.3dshapes/R_0201.wrl
      (at (xyz 0 0 0))
      (scale (xyz 1 1 1))
      (rotate (xyz 0 0 0))
    )
  )

  (module KiCad/Resistors_SMD.pretty:R_0201 (layer Bottom) (tedit 58E0A804) (tstamp 5B3B5110)
    (at 173.152879 59.6036)
    (descr "Resistor SMD 0201, reflow soldering, Vishay (see crcw0201e3.pdf)")
    (tags "resistor 0201")
    (path /5B1C713A/8CA68C2673741284)
    (attr smd)
    (fp_text reference R22 (at 0 1.25) (layer B.SilkS)
      (effects (font (size 1 1) (thickness 0.15)) (justify mirror))
    )
    (fp_text value 100 (at 0 -1.3) (layer B.Fab)
      (effects (font (size 1 1) (thickness 0.15)) (justify mirror))
    )
    (fp_line (start 0.55 -0.36) (end -0.55 -0.36) (layer B.CrtYd) (width 0.05))
    (fp_line (start 0.55 -0.36) (end 0.55 0.37) (layer B.CrtYd) (width 0.05))
    (fp_line (start -0.55 0.37) (end -0.55 -0.36) (layer B.CrtYd) (width 0.05))
    (fp_line (start -0.55 0.37) (end 0.55 0.37) (layer B.CrtYd) (width 0.05))
    (fp_line (start -0.12 -0.44) (end 0.12 -0.44) (layer B.SilkS) (width 0.12))
    (fp_line (start 0.12 0.44) (end -0.12 0.44) (layer B.SilkS) (width 0.12))
    (fp_line (start -0.3 0.15) (end 0.3 0.15) (layer B.Fab) (width 0.1))
    (fp_line (start 0.3 0.15) (end 0.3 -0.15) (layer B.Fab) (width 0.1))
    (fp_line (start 0.3 -0.15) (end -0.3 -0.15) (layer B.Fab) (width 0.1))
    (fp_line (start -0.3 -0.15) (end -0.3 0.15) (layer B.Fab) (width 0.1))
    (fp_text user %R (at 0 1.25) (layer B.Fab)
      (effects (font (size 1 1) (thickness 0.15)) (justify mirror))
    )
    (pad 2 smd rect (at 0.26 0) (size 0.28 0.43) (layers Bottom B.Paste B.Mask)
      (net 69 "Net-(LED1-PadA)"))
    (pad 1 smd rect (at -0.26 0) (size 0.28 0.43) (layers Bottom B.Paste B.Mask)
      (net 2 VCC))
    (model ${KISYS3DMOD}/Resistors_SMD.3dshapes/R_0201.wrl
      (at (xyz 0 0 0))
      (scale (xyz 1 1 1))
      (rotate (xyz 0 0 0))
    )
  )

  (module KiCad/Resistors_SMD.pretty:R_0201 (layer Top) (tedit 58E0A804) (tstamp 5B3B5100)
    (at 150.252879 39.3036 90)
    (descr "Resistor SMD 0201, reflow soldering, Vishay (see crcw0201e3.pdf)")
    (tags "resistor 0201")
    (path /5B1C6B30/1DF2EA82A5EEF4AE)
    (attr smd)
    (fp_text reference R20 (at 0 -1.25 90) (layer F.SilkS)
      (effects (font (size 1 1) (thickness 0.15)))
    )
    (fp_text value 10k (at 0 1.3 90) (layer F.Fab)
      (effects (font (size 1 1) (thickness 0.15)))
    )
    (fp_text user %R (at 0 -1.25 90) (layer F.Fab)
      (effects (font (size 1 1) (thickness 0.15)))
    )
    (fp_line (start -0.3 0.15) (end -0.3 -0.15) (layer F.Fab) (width 0.1))
    (fp_line (start 0.3 0.15) (end -0.3 0.15) (layer F.Fab) (width 0.1))
    (fp_line (start 0.3 -0.15) (end 0.3 0.15) (layer F.Fab) (width 0.1))
    (fp_line (start -0.3 -0.15) (end 0.3 -0.15) (layer F.Fab) (width 0.1))
    (fp_line (start 0.12 -0.44) (end -0.12 -0.44) (layer F.SilkS) (width 0.12))
    (fp_line (start -0.12 0.44) (end 0.12 0.44) (layer F.SilkS) (width 0.12))
    (fp_line (start -0.55 -0.37) (end 0.55 -0.37) (layer F.CrtYd) (width 0.05))
    (fp_line (start -0.55 -0.37) (end -0.55 0.36) (layer F.CrtYd) (width 0.05))
    (fp_line (start 0.55 0.36) (end 0.55 -0.37) (layer F.CrtYd) (width 0.05))
    (fp_line (start 0.55 0.36) (end -0.55 0.36) (layer F.CrtYd) (width 0.05))
    (pad 1 smd rect (at -0.26 0 90) (size 0.28 0.43) (layers Top F.Paste F.Mask)
      (net 39 "Net-(D5-Pad1)"))
    (pad 2 smd rect (at 0.26 0 90) (size 0.28 0.43) (layers Top F.Paste F.Mask)
      (net 1 GND))
    (model ${KISYS3DMOD}/Resistors_SMD.3dshapes/R_0201.wrl
      (at (xyz 0 0 0))
      (scale (xyz 1 1 1))
      (rotate (xyz 0 0 0))
    )
  )

  (module KiCad/Resistors_SMD.pretty:R_0201 (layer Top) (tedit 58E0A804) (tstamp 5B3B50F0)
    (at 150.852879 48.0036 180)
    (descr "Resistor SMD 0201, reflow soldering, Vishay (see crcw0201e3.pdf)")
    (tags "resistor 0201")
    (path /5B1C6B30/41B133A76954CAE3)
    (attr smd)
    (fp_text reference R19 (at 0 -1.25 180) (layer F.SilkS)
      (effects (font (size 1 1) (thickness 0.15)))
    )
    (fp_text value 10k (at 0 1.3 180) (layer F.Fab)
      (effects (font (size 1 1) (thickness 0.15)))
    )
    (fp_line (start 0.55 0.36) (end -0.55 0.36) (layer F.CrtYd) (width 0.05))
    (fp_line (start 0.55 0.36) (end 0.55 -0.37) (layer F.CrtYd) (width 0.05))
    (fp_line (start -0.55 -0.37) (end -0.55 0.36) (layer F.CrtYd) (width 0.05))
    (fp_line (start -0.55 -0.37) (end 0.55 -0.37) (layer F.CrtYd) (width 0.05))
    (fp_line (start -0.12 0.44) (end 0.12 0.44) (layer F.SilkS) (width 0.12))
    (fp_line (start 0.12 -0.44) (end -0.12 -0.44) (layer F.SilkS) (width 0.12))
    (fp_line (start -0.3 -0.15) (end 0.3 -0.15) (layer F.Fab) (width 0.1))
    (fp_line (start 0.3 -0.15) (end 0.3 0.15) (layer F.Fab) (width 0.1))
    (fp_line (start 0.3 0.15) (end -0.3 0.15) (layer F.Fab) (width 0.1))
    (fp_line (start -0.3 0.15) (end -0.3 -0.15) (layer F.Fab) (width 0.1))
    (fp_text user %R (at 0 -1.25 180) (layer F.Fab)
      (effects (font (size 1 1) (thickness 0.15)))
    )
    (pad 2 smd rect (at 0.26 0 180) (size 0.28 0.43) (layers Top F.Paste F.Mask)
      (net 27 "Net-(D5-Pad3)"))
    (pad 1 smd rect (at -0.26 0 180) (size 0.28 0.43) (layers Top F.Paste F.Mask)
      (net 45 "Net-(R19-Pad1)"))
    (model ${KISYS3DMOD}/Resistors_SMD.3dshapes/R_0201.wrl
      (at (xyz 0 0 0))
      (scale (xyz 1 1 1))
      (rotate (xyz 0 0 0))
    )
  )

  (module KiCad/Resistors_SMD.pretty:R_0201 (layer Top) (tedit 58E0A804) (tstamp 5B3B50E0)
    (at 168.552879 57.1036 270)
    (descr "Resistor SMD 0201, reflow soldering, Vishay (see crcw0201e3.pdf)")
    (tags "resistor 0201")
    (path /5B1C6B30/FEC67141DB79B4F3)
    (attr smd)
    (fp_text reference R17 (at 0 -1.25 270) (layer F.SilkS)
      (effects (font (size 1 1) (thickness 0.15)))
    )
    (fp_text value 10k (at 0 1.3 270) (layer F.Fab)
      (effects (font (size 1 1) (thickness 0.15)))
    )
    (fp_text user %R (at 0 -1.25 270) (layer F.Fab)
      (effects (font (size 1 1) (thickness 0.15)))
    )
    (fp_line (start -0.3 0.15) (end -0.3 -0.15) (layer F.Fab) (width 0.1))
    (fp_line (start 0.3 0.15) (end -0.3 0.15) (layer F.Fab) (width 0.1))
    (fp_line (start 0.3 -0.15) (end 0.3 0.15) (layer F.Fab) (width 0.1))
    (fp_line (start -0.3 -0.15) (end 0.3 -0.15) (layer F.Fab) (width 0.1))
    (fp_line (start 0.12 -0.44) (end -0.12 -0.44) (layer F.SilkS) (width 0.12))
    (fp_line (start -0.12 0.44) (end 0.12 0.44) (layer F.SilkS) (width 0.12))
    (fp_line (start -0.55 -0.37) (end 0.55 -0.37) (layer F.CrtYd) (width 0.05))
    (fp_line (start -0.55 -0.37) (end -0.55 0.36) (layer F.CrtYd) (width 0.05))
    (fp_line (start 0.55 0.36) (end 0.55 -0.37) (layer F.CrtYd) (width 0.05))
    (fp_line (start 0.55 0.36) (end -0.55 0.36) (layer F.CrtYd) (width 0.05))
    (pad 1 smd rect (at -0.26 0 270) (size 0.28 0.43) (layers Top F.Paste F.Mask)
      (net 1 GND))
    (pad 2 smd rect (at 0.26 0 270) (size 0.28 0.43) (layers Top F.Paste F.Mask)
      (net 2 VCC))
    (model ${KISYS3DMOD}/Resistors_SMD.3dshapes/R_0201.wrl
      (at (xyz 0 0 0))
      (scale (xyz 1 1 1))
      (rotate (xyz 0 0 0))
    )
  )

  (module KiCad/Resistors_SMD.pretty:R_0201 (layer Top) (tedit 58E0A804) (tstamp 5B3B50D0)
    (at 138.952879 44.5036 270)
    (descr "Resistor SMD 0201, reflow soldering, Vishay (see crcw0201e3.pdf)")
    (tags "resistor 0201")
    (path /5B1C6B30/512AF7C563543E95)
    (attr smd)
    (fp_text reference R1 (at 0 -1.25 270) (layer F.SilkS)
      (effects (font (size 1 1) (thickness 0.15)))
    )
    (fp_text value 680 (at 0 1.3 270) (layer F.Fab)
      (effects (font (size 1 1) (thickness 0.15)))
    )
